-5.46313e-09
0
-1.94488e-09
0
6.0285e-09
2.69815e-08
2.26343e-09
-7.24934e-09
-2.24407e-09
-3.62887e-09
1.80152e-08
-1.6144e-08
-1.27963e-10
8.85474e-11
-2.26194e-09
3.2732e-09
-4.3112e-09
-8.21189e-10
2.35139e-10
-8.51602e-10
7.35429e-10
1.92082e-11
4.90113e-321
2.45551e-321
4.64939e-310
6.94801e-310
-0.0436723
-2.98469e-21
0.00962514
2.82947e-22
0.0454877
2.09873e-20
-0.0227823
1.33232e-19
0.00566146
-5.65516e-21
-0.175214
0.0516972
-0.168905
-0.199883
0.0193957
0.0299755
-0.349514
0
0.436744
0
-0.0953517
0
-0.154489
0.210753
