-5.91628e-10
0
-1.0421e-10
0
-2.57367e-10
2.06253e-10
1.30993e-10
-3.44901e-10
7.78783e-10
-5.8925e-10
-9.31023e-11
-4.01044e-10
-2.99232e-10
1.64262e-10
1.45963e-10
-3.36994e-10
-8.72362e-11
1.64884e-10
3.99087e-11
-1.83658e-10
-8.54973e-11
3.9518e-10
4.90113e-321
2.45551e-321
4.65238e-310
6.94274e-310
-0.0781643
1.04307e-21
0.00832248
-7.83754e-23
0.0367924
-1.31242e-19
-0.0138978
3.18083e-20
0.00188845
-9.35262e-21
-0.238521
0.039817
-0.0119503
-0.325524
0.00924433
0.0499899
-0.388695
0
0.959479
0
-0.150038
0
-0.199717
0.303953
